r =      10.00000
A =     314.15927
